0 0 0
1 0 100
2 0 200
3 0 300
4 0 400
5 0 500
6 0 600
7 0 700
8 0 800
9 0 900
10 0 1000
11 0 1100
12 0 1200
13 0 1300
14 0 1400
15 0 1500
16 0 1600
17 0 1700
18 0 1800
19 0 1900
20 0 2000
21 0 2100
22 0 2200
23 0 2300
24 0 2400
25 0 2500
26 0 2600
27 0 2700
28 0 2800
29 0 2900
30 0 3000
31 0 3100
32 0 3200
33 0 3300
34 0 3400
35 0 3500
36 0 3600
37 0 3700
38 0 3800
39 0 3900
40 0 4000
41 0 4100
42 0 4200
43 0 4300
44 0 4400
45 0 4500
46 0 4600
47 0 4700
48 0 4800
49 0 4900
50 500 0
51 500 100
52 500 200
53 500 300
54 500 400
55 500 500
56 500 600
57 500 700
58 500 800
59 500 900
60 500 1000
61 500 1100
62 500 1200
63 500 1300
64 500 1400
65 500 1500
66 500 1600
67 500 1700
68 500 1800
69 500 1900
70 500 2000
71 500 2100
72 500 2200
73 500 2300
74 500 2400
75 500 2500
76 500 2600
77 500 2700
78 500 2800
79 500 2900
80 500 3000
81 500 3100
82 500 3200
83 500 3300
84 500 3400
85 500 3500
86 500 3600
87 500 3700
88 500 3800
89 500 3900
90 500 4000
91 500 4100
92 500 4200
93 500 4300
94 500 4400
95 500 4500
96 500 4600
97 500 4700
98 500 4800
99 500 4900
100 1000 0
101 1000 100
102 1000 200
103 1000 300
104 1000 400
105 1000 500
106 1000 600
107 1000 700
108 1000 800
109 1000 900
110 1000 1000
111 1000 1100
112 1000 1200
113 1000 1300
114 1000 1400
115 1000 1500
116 1000 1600
117 1000 1700
118 1000 1800
119 1000 1900
120 1000 2000
121 1000 2100
122 1000 2200
123 1000 2300
124 1000 2400
125 1000 2500
126 1000 2600
127 1000 2700
128 1000 2800
129 1000 2900
130 1000 3000
131 1000 3100
132 1000 3200
133 1000 3300
134 1000 3400
135 1000 3500
136 1000 3600
137 1000 3700
138 1000 3800
139 1000 3900
140 1000 4000
141 1000 4100
142 1000 4200
143 1000 4300
144 1000 4400
145 1000 4500
146 1000 4600
147 1000 4700
148 1000 4800
149 1000 4900
150 1500 0
151 1500 100
152 1500 200
153 1500 300
154 1500 400
155 1500 500
156 1500 600
157 1500 700
158 1500 800
159 1500 900
160 1500 1000
161 1500 1100
162 1500 1200
163 1500 1300
164 1500 1400
165 1500 1500
166 1500 1600
167 1500 1700
168 1500 1800
169 1500 1900
170 1500 2000
171 1500 2100
172 1500 2200
173 1500 2300
174 1500 2400
175 1500 2500
176 1500 2600
177 1500 2700
178 1500 2800
179 1500 2900
180 1500 3000
181 1500 3100
182 1500 3200
183 1500 3300
184 1500 3400
185 1500 3500
186 1500 3600
187 1500 3700
188 1500 3800
189 1500 3900
190 1500 4000
191 1500 4100
192 1500 4200
193 1500 4300
194 1500 4400
195 1500 4500
196 1500 4600
197 1500 4700
198 1500 4800
199 1500 4900
200 2000 0
201 2000 100
202 2000 200
203 2000 300
204 2000 400
205 2000 500
206 2000 600
207 2000 700
208 2000 800
209 2000 900
210 2000 1000
211 2000 1100
212 2000 1200
213 2000 1300
214 2000 1400
215 2000 1500
216 2000 1600
217 2000 1700
218 2000 1800
219 2000 1900
220 2000 2000
221 2000 2100
222 2000 2200
223 2000 2300
224 2000 2400
225 2000 2500
226 2000 2600
227 2000 2700
228 2000 2800
229 2000 2900
230 2000 3000
231 2000 3100
232 2000 3200
233 2000 3300
234 2000 3400
235 2000 3500
236 2000 3600
237 2000 3700
238 2000 3800
239 2000 3900
240 2000 4000
241 2000 4100
242 2000 4200
243 2000 4300
244 2000 4400
245 2000 4500
246 2000 4600
247 2000 4700
248 2000 4800
249 2000 4900
250 2500 0
251 2500 100
252 2500 200
253 2500 300
254 2500 400
255 2500 500
256 2500 600
257 2500 700
258 2500 800
259 2500 900
260 2500 1000
261 2500 1100
262 2500 1200
263 2500 1300
264 2500 1400
265 2500 1500
266 2500 1600
267 2500 1700
268 2500 1800
269 2500 1900
270 2500 2000
271 2500 2100
272 2500 2200
273 2500 2300
274 2500 2400
275 2500 2500
276 2500 2600
277 2500 2700
278 2500 2800
279 2500 2900
280 2500 3000
281 2500 3100
282 2500 3200
283 2500 3300
284 2500 3400
285 2500 3500
286 2500 3600
287 2500 3700
288 2500 3800
289 2500 3900
290 2500 4000
291 2500 4100
292 2500 4200
293 2500 4300
294 2500 4400
295 2500 4500
296 2500 4600
297 2500 4700
298 2500 4800
299 2500 4900
300 3000 0
301 3000 100
302 3000 200
303 3000 300
304 3000 400
305 3000 500
306 3000 600
307 3000 700
308 3000 800
309 3000 900
310 3000 1000
311 3000 1100
312 3000 1200
313 3000 1300
314 3000 1400
315 3000 1500
316 3000 1600
317 3000 1700
318 3000 1800
319 3000 1900
320 3000 2000
321 3000 2100
322 3000 2200
323 3000 2300
324 3000 2400
325 3000 2500
326 3000 2600
327 3000 2700
328 3000 2800
329 3000 2900
330 3000 3000
331 3000 3100
332 3000 3200
333 3000 3300
334 3000 3400
335 3000 3500
336 3000 3600
337 3000 3700
338 3000 3800
339 3000 3900
340 3000 4000
341 3000 4100
342 3000 4200
343 3000 4300
344 3000 4400
345 3000 4500
346 3000 4600
347 3000 4700
348 3000 4800
349 3000 4900
350 3500 0
351 3500 100
352 3500 200
353 3500 300
354 3500 400
355 3500 500
356 3500 600
357 3500 700
358 3500 800
359 3500 900
360 3500 1000
361 3500 1100
362 3500 1200
363 3500 1300
364 3500 1400
365 3500 1500
366 3500 1600
367 3500 1700
368 3500 1800
369 3500 1900
370 3500 2000
371 3500 2100
372 3500 2200
373 3500 2300
374 3500 2400
375 3500 2500
376 3500 2600
377 3500 2700
378 3500 2800
379 3500 2900
380 3500 3000
381 3500 3100
382 3500 3200
383 3500 3300
384 3500 3400
385 3500 3500
386 3500 3600
387 3500 3700
388 3500 3800
389 3500 3900
390 3500 4000
391 3500 4100
392 3500 4200
393 3500 4300
394 3500 4400
395 3500 4500
396 3500 4600
397 3500 4700
398 3500 4800
399 3500 4900
400 4000 0
401 4000 100
402 4000 200
403 4000 300
404 4000 400
405 4000 500
406 4000 600
407 4000 700
408 4000 800
409 4000 900
410 4000 1000
411 4000 1100
412 4000 1200
413 4000 1300
414 4000 1400
415 4000 1500
416 4000 1600
417 4000 1700
418 4000 1800
419 4000 1900
420 4000 2000
421 4000 2100
422 4000 2200
423 4000 2300
424 4000 2400
425 4000 2500
426 4000 2600
427 4000 2700
428 4000 2800
429 4000 2900
430 4000 3000
431 4000 3100
432 4000 3200
433 4000 3300
434 4000 3400
435 4000 3500
436 4000 3600
437 4000 3700
438 4000 3800
439 4000 3900
440 4000 4000
441 4000 4100
442 4000 4200
443 4000 4300
444 4000 4400
445 4000 4500
446 4000 4600
447 4000 4700
448 4000 4800
449 4000 4900
450 4500 0
451 4500 100
452 4500 200
453 4500 300
454 4500 400
455 4500 500
456 4500 600
457 4500 700
458 4500 800
459 4500 900
460 4500 1000
461 4500 1100
462 4500 1200
463 4500 1300
464 4500 1400
465 4500 1500
466 4500 1600
467 4500 1700
468 4500 1800
469 4500 1900
470 4500 2000
471 4500 2100
472 4500 2200
473 4500 2300
474 4500 2400
475 4500 2500
476 4500 2600
477 4500 2700
478 4500 2800
479 4500 2900
480 4500 3000
481 4500 3100
482 4500 3200
483 4500 3300
484 4500 3400
485 4500 3500
486 4500 3600
487 4500 3700
488 4500 3800
489 4500 3900
490 4500 4000
491 4500 4100
492 4500 4200
493 4500 4300
494 4500 4400
495 4500 4500
496 4500 4600
497 4500 4700
498 4500 4800
499 4500 4900
