0 104958 104967 occultation
1 104954 104969 occultation
10 104965 104975 occultation
11 104962 104977 occultation
20 104972 104984 occultation
21 104970 104984 occultation
30 104979 104992 occultation
31 104978 104991 occultation
40 104986 105000 occultation
41 104986 104998 occultation
50 104993 105007 occultation
51 104994 105005 occultation
60 105000 105015 occultation
61 105002 105012 occultation
70 105008 105023 occultation
71 105011 105019 occultation
80 105015 105031 occultation
81 105019 105025 occultation
90 105023 105038 occultation
