0 0 0
1 0 50
2 0 100
3 0 150
4 0 200
5 0 250
6 0 300
7 0 350
8 0 400
9 0 450
10 500 0
11 500 50
12 500 100
13 500 150
14 500 200
15 500 250
16 500 300
17 500 350
18 500 400
19 500 450
20 1000 0
21 1000 50
22 1000 100
23 1000 150
24 1000 200
25 1000 250
26 1000 300
27 1000 350
28 1000 400
29 1000 450
30 1500 0
31 1500 50
32 1500 100
33 1500 150
34 1500 200
35 1500 250
36 1500 300
37 1500 350
38 1500 400
39 1500 450
40 2000 0
41 2000 50
42 2000 100
43 2000 150
44 2000 200
45 2000 250
46 2000 300
47 2000 350
48 2000 400
49 2000 450
50 2500 0
51 2500 50
52 2500 100
53 2500 150
54 2500 200
55 2500 250
56 2500 300
57 2500 350
58 2500 400
59 2500 450
60 3000 0
61 3000 50
62 3000 100
63 3000 150
64 3000 200
65 3000 250
66 3000 300
67 3000 350
68 3000 400
69 3000 450
70 3500 0
71 3500 50
72 3500 100
73 3500 150
74 3500 200
75 3500 250
76 3500 300
77 3500 350
78 3500 400
79 3500 450
80 4000 0
81 4000 50
82 4000 100
83 4000 150
84 4000 200
85 4000 250
86 4000 300
87 4000 350
88 4000 400
89 4000 450
90 4500 0
91 4500 50
92 4500 100
93 4500 150
94 4500 200
95 4500 250
96 4500 300
97 4500 350
98 4500 400
99 4500 450
